1000 10 7
279
442
184
181
946
476
751
658
570
408
953
495
486
985
415
349
599
203
474
539
686
126
869
572
932
637
832
623
730
633
662
335
140
486
444
993
452
771
344
523
960
702
153
301
303
946
875
894
881
426
119
746
759
449
699
810
518
909
879
869
371
500
366
158
762
629
336
523
240
129
533
448
946
935
765
151
674
943
372
941
662
622
562
516
113
106
425
437
701
310
512
536
590
457
265
378
638
325
871
197
270
593
872
643
111
576
379
658
368
858
599
389
794
234
575
475
467
370
894
347
370
217
337
604
628
186
356
882
300
514
376
185
538
235
276
564
335
550
778
967
768
230
633
937
173
824
548
605
146
185
147
849
139
529
937
225
787
117
324
246
724
959
390
157
290
637
303
749
386
834
389
678
751
423
813
554
291
508
699
582
929
404
255
321
143
556
802
860
563
129
279
459
669
744
946
818
500
788
448
961
220
602
546
667
116
344
997
773
189
607
420
510
627
297
706
870
646
168
586
502
296
265
594
499
984
115
858
782
877
206
141
587
811
447
930
806
449
564
127
123
445
519
637
499
883
640
381
268
960
314
776
210
455
826
115
870
290
868
578
498
452
713
120
205
301
927
853
490
431
818
812
801
389
659
945
766
896
849
808
109
854
277
687
619
647
288
786
390
585
142
307
825
387
675
617
650
320
743
538
762
114
127
278
121
856
450
388
415
569
479
594
376
454
145
379
526
430
348
618
542
852
105
142
646
371
424
767
827
237
174
628
349
500
497
924
207
732
905
672
118
843
904
257
259
117
840
752
957
449
990
483
864
753
727
918
134
623
458
832
232
875
238
219
126
872
201
986
675
226
755
956
193
559
995
329
894
175
523
502
125
348
724
590
194
794
173
313
176
869
439
765
414
523
607
742
639
583
876
930
577
237
237
448
301
194
186
525
904
353
709
260
942
650
972
655
483
350
933
743
189
263
594
742
809
348
349
703
304
279
178
192
696
329
404
734
369
850
364
844
906
788
429
930
972
709
746
896
891
883
444
322
104
163
153
734
833
988
930
519
231
759
698
592
679
725
534
955
776
631
123
959
755
638
582
210
543
646
930
995
702
533
804
793
866
439
853
950
487
702
543
882
558
381
533
536
240
952
801
712
570
925
628
183
815
327
605
285
755
246
599
110
289
463
354
313
788
369
111
142
421
319
745
273
131
853
191
359
337
347
503
855
622
111
371
774
498
907
689
407
554
467
941
432
833
746
614
863
346
497
674
703
192
339
425
337
288
651
426
263
812
541
384
635
809
565
593
116
309
724
121
944
299
531
878
987
515
602
358
453
876
235
923
204
129
531
847
821
711
519
560
550
630
412
854
951
421
402
956
720
345
206
404
810
372
291
385
503
431
839
647
535
113
703
307
506
817
852
784
882
320
307
847
402
185
543
595
703
316
159
722
343
303
543
332
916
102
926
921
505
998
556
167
822
420
934
790
880
129
390
184
844
340
716
773
793
231
476
407
710
266
393
791
816
636
276
775
623
317
475
109
759
787
762
488
467
654
437
970
699
881
647
718
145
471
781
854
102
539
167
571
348
691
286
784
637
931
354
248
391
565
573
942
296
761
962
392
133
195
469
419
255
981
532
848
573
232
954
435
763
127
499
235
497
500
231
746
723
763
867
610
739
569
756
795
914
423
213
775
995
284
427
790
437
328
922
882
645
348
537
308
481
975
190
295
773
732
327
163
422
629
709
757
782
254
901
295
842
615
293
148
327
180
939
216
953
635
175
692
175
482
684
981
178
386
776
475
979
742
186
976
432
897
957
872
526
927
161
173
317
397
814
533
808
683
542
966
528
414
199
246
724
685
880
453
551
674
471
937
886
837
170
108
339
325
998
595
941
546
536
393
466
788
701
283
752
491
359
212
390
923
855
117
793
922
470
984
467
148
241
810
878
976
793
623
844
320
755
993
766
663
819
604
868
957
708
219
619
903
828
218
876
932
553
815
890
979
947
843
562
397
269
956
359
339
595
967
640
384
869
371
658
194
899
422
890
603
958
875
695
524
276
274
950
368
555
693
901
691
765
755
190
239
599
612
976
242
320
669
678
215
665
106
397
328
147
853
187
598
381
869
665
654
474
481
931
217
419
893
930
948
353
566
733
217
233
911
431
924
614
225
929
473
541
975
890
557
328
177
467
391
614
769
964
177
607
915
549
361
966
329
230
516
551
612
574
589
856
795
403
321
489
454
653
313
849
796
283
382
526
660
392
707
130
597
889
325
984
190
181
862